$ANSIBLE_VAULT;1.1;AES256
39633765613964383836313532656665656337633265623738323566313864363534666237653464
3561366138373837353539393834353162323535383138650a613264303266643731343637353731
30313565643732383965656234316462393133373161623835303639623632666438333539386366
3634633963653833370a323232636339353034613939363339333237613864616432643963353033
63373865313661323366616135383464346637663931323135306362336135363535656237383834
65613138303839323832623431643936343561366564396231333936613963323734643364373638
34306636363031366430393634636235316630663131386561326433646137343666366239653761
39353130633561616237343739393565353837616564373063363263366166346663656536623339
38653939313963646533636137663065366133323838623239666637323432653532373765333163
62666531363634366365373863326462643132386639663232343337646463363337316164653831
30343939636465373431643430376636313336373230626333383539313162343234353030386336
37383465373035663636393565343130663734323732636330323065336362306338626437626265
30343632653662643736353138636461366637636135616263363762316532386264633730353264
35346338623638383263393162646535306165626433616436393264343066303631386336623034
62373936623362656239316238623565326438316565626135333433323132326232666230633138
32616263326363336235643736646332306333346539393533383039636561646433653163366239
64626261373538613232373762626234326666333434633030383237323134653238326635326261
33663764303565396133636535656438376463653931646335643730656432633739346166323137
343638373666663061303039363765663833
