$ANSIBLE_VAULT;1.1;AES256
61643139306365366532346130383131613436393937333337633164343639393466383866303034
6261366437363266613730303336326539643561616362350a386334326661313635323430613330
62353831653963306338326635666634383862356338313533646165636161633134616433623238
6562353539306432330a346135656561353766363431333463613534323961656666363132613139
66333537386232323433346464383034316331336532333034383039353162663636386139636431
64363464356264326637623862396366343238613065663836316339613137653861623331323066
61663039653830643430336532663437333931666332383834663666333433333533303834656330
61363863653466393533616466663738646231626531633034313532616637643932633066623363
30653337633836643638336466636233623436353836653763383763643837393234353864333361
35656462306366616465316436386134363562613364396566346366386563616130653763653935
63393561383761373033353062363765343431363162646530356234643265643333346438616366
38303662373866373831323666633766653061636232653765316530383161623038653838323435
36653563353239323337373538393930346233396632363763633938663564323636386131626538
36316466356163396637353634653034393564316630346561306339383761616335616264636334
61373637396137326132636334393638323062393334666566333361653837366664306563623765
32633463643364346236616637313139383734633330616535306138633333383039646164313639
34383837643130623864306130363038663565643532343064356237616532303433303634643831
33333330316337313937343661313139303962343235613936613961623266393530653563646436
31666239323964353263376339383836323835356637326538326532376462643737383662626465
65663863393634626561356536323662313162366337636165303233633031363139363933643133
34333838626136336136363765383464633337326265353066623433343662393638386662633665
33626235333663643332356533393139633230623863353434333036643332333464373231303037
39353535353464346436363661396234346537323961616566326461663436656637636163663831
32663438646464313332346633656435386561306566313034663936663637363764616238333930
30363330633534376630323730623762303763356338333464323863336638636666373432636638
32613939663331316338396633613331326538383139646266626662346263363731663435396364
38643837343564303932373336613638383135663664666263353537396537316538353764336566
32623461623733396162616337623036323964396334376233666137643462623135363738303134
65356432663066346434383564653232343039353532616336623730643762336364396263396237
62353734313237316630613138633231323962346338653439663266643530303132626539376562
65373530396139303466393938613238666333323832653130623563306266366161636533633565
63333866333066333461346233663665623831326463636237623965643837656132663265336661
62616566323761336539613466363665643231616437356164323239633266306533643830323338
62396264643064623631323936646639663435656635336237373663623637393438363936616465
30353932383334613763373731353066356135386466636163663064376237353965346165396231
39393063646162363536643662313361396234636437313036343730636162386639323137633964
31346432333730303061653665643136396264636636353663633731326538343533623731333137
66636166383039363832316563336666306366643838633531643862386565633865353034643732
32656337616333386163366630653461343039613036653137396637336364373437336165663864
38633366326333653030616133353362383166386439663865656535343064376630326462333061
64636164663864643939333335653730353537626430303639343764303934656631353162343931
64316263623434613138363666373532346130303235386430376134363162356131643539616238
64306432373730373039666338333466343365333139383039636363646636306430636638313633
32383063653665663465303231376531663561303566366138343430646561323932656133373962
33653330323630383863633834356236363339646632363937663562666630653436396237363934
34383730326332366634393931333064383464653566373765326361663436386337643761393661
34623764363136666239353234343039636139376433326134616335326234656464663035326566
39386561343839383632643162636166346231636338303036323961373761353134393066356135
63353435376133663361653536623132346239396536353165363861663263326530303831313036
63346232306535323333633136616563306361353739306465353932633739333037376339326132
36663335613562353838366134666631623231333461363363373638636233306433646233626561
32653766656434373166643364386135333032353830653564373938646563303730633434376539
61663235323161303230373665396565316364373130303564393963313332396531313939646365
31366333636531333736316166383035383335646134396638363266643132313565343135366431
35633837383030313631623364636161323332633264333764326631633533386261323634623033
35353961643163663036616363636130306634303064386338633162326665663562636337623035
63656234636264616638363639393939326236653939303336383333633232376562373264366230
36373464353266323866663231656266633864363362636637646335396333323063353938363630
64373438303962653730313933306430356563316561666630366663646530356635653261383632
39346639393561663739313838626135386537646639343234656335613535643033373062623238
32303866343963373733303361656331353235346337396631396366323262646163323632333365
63653763373461376231326138656666353934653966623564643331663637613564353535323937
65383632633133656565313535336163306238303564323234356464363437666630346331303864
38663661316564623335306136383262353363333939326233656466336530323666626534366263
35343733626664323062616662663031346665343263306162363562333966613965646630323061
39653862623764643665373830303630353737306434633066626637376561653835373131316438
65353438663739643934623430643035656236326438366662373031373262643330626438363663
63343761663934323665623864633264323639386134316465383432666661363866613336343961
34303238323232663539653764356235333462646635353565303332363634623932643862643165
65313331613031363238663564323935633766313166633931326462343163393335383431346237
66343932646531333836316561326535626264346632373138613232376637346136396536636533
65356262616339363735383761383739373435313062353333656239323637333134303730343236
39666362643230383438396630666166373765633761323763633336643737383730306266363330
62636637393838366664316137336638373737323035666239613233643939316535316266386530
35333433383031343262626431666561363336333838393939306661383262303431616363343533
31313830653731616662326533663639353036353632323939363532333261333062333234376637
33343230653265643933613337333238343032656139336634316135323031636538383964323666
37386438663831346561613636343438396465303836346631663338633565383363633739626430
32653630303664306234383666306333393065343633373764336663626439313264393364346162
38313230623363323136343939623839383433383435373237303935633061643837326431636163
37306664383235363734393265306566636539396365376235393164666361333761326533653838
34306638616535653137373033383164316463313164626565373266646439383032623539666264
38663635373763643735333635363065316335363866623733386231393432653664333930323566
34313035373639633230666561393961383430303361623661393562613539303662323465663633
64613565343766633731393635656436316336666466306435613237646630356661333762623233
62656238336339333430323238306230306337333635386166336330323632306135346632316262
63333361373935613239313962653664306634383266343264656261353664663031343432343563
31663035393763333233343335366637393631336232313762373239376262633531356236396538
34396131353361356662336462333632643963383133393232626466623165366161636465613664
61376263346238333462643565663065643839353736383464303038366632356137306366396661
65303964653563616565656332346435336435363135363261396632353839363061303434633961
63346432343639333433313732333331653733343638323933373166366635313635326638353630
30366162633465613232646430366666636161376536313866333463353130323364386564663461
32383239333737643230363634626435396138636366306639323733346539323233616234343632
38633866656161386262336132653535336361353633653634653830656165393461313233386331
38383431633562633937653936313538353762373861376438386232363361323362396665316266
31363262633562373363346330343235356137333336373839636135303461326536363863663930
31376461663735663932313836623461396239323265303738643161306432656363666234613930
30643363313664373361306638623338313438303236653331656238656565653861373735343361
36303262353137623961363963326130613936326662386434373535306536646236383339356635
33663934633864363237383636336235636163613238343463656364303333363961363439623138
66343136663064313838616130613662376465643030326661373261343230653237653361303730
37326330306438363836613432366162633436373164356332386334613638343564646531656435
65303564656139343433623033333366373232386434386437656338613034633139363565393735
31323331643538373035303737383235386631663238393032626134653366643964626530343630
36613737346130383136646563643333313566346436313962356535316437356335393961326431
31353136633430383631356537643961356164393839303031613833323861326632323038313239
63633730656662653435643835633461376335366562366565623938633833616531303163376461
34623334653436336232653732633933636339303534393831633962643332306166633666646662
32343064616634653037303430633963333261656534626232623964633233653265623531393966
31616431316661623033393730356239303135346233313463643931376430373237613332333632
36363934653161363963663532333434316237636539646463636562393766613838303462636566
30343536376331396464376162626265323861653732623762383136326639623139643661623731
37346363346434636165383138393237333134303866396230386364653432333132363531663263
62376362373338373835356338666230653435613564393334643639393465366661396333313064
34376365376237663631316635346635613734663466633132633565386538626133343535633962
66383562326330666132393331396431336264653238633062396262633131663263613638666166
39666238353937313163343564346537653837323430363938336233383938363361363233303665
30386565666233646565383838613037376635326531393361353835363365313462326564386531
34393232303262623433303461643932363833373365613265663939383635623136656561393465
65643465343436616366303066613364303161356530623532316139366233333663313032353035
38626231613461663135396134323465663963653234666431393636306631306138303833386565
31666461653461306565363463303737346264376637613634373330383332663731646562333639
66326330373131336232653336623836633438346265643763643966363363396535373061613032
39373333623336363262643231313033613538323838346264653531666332303361343738353930
30343435383563373262333733346138616661666335633831303363666362393866633632646135
39373438656630373836623835643232626436393465656334363163393335306664383032623838
32626164366230303665653664363531326431643062643933663234313665313935303931643761
65383030653963636466396262376564396131636633333731663930323661326332633839393264
36316138303433663366313462623137643463366630393132353036653365336661383938626334
66323837653537313465393338636430653132316534613032643832303066383030303534376565
32363639626334303737663736306262376435343561313334313866636533313735376339623262
38623736333532323139383337653535653166646339353530353730366330333933363637363939
39616236636165386633613463303966366339613537316163653965386261336238346330663535
34323666303636323630643832356562373738336166363230376331616632653865333430373331
33363038316265336166643232626365326436656161376362316566336464386632303838363163
34386436333435363664393535616661656138613761306464323461333864663531343534393731
65663563343961623133336533303035633433353434646664393932396333373330613336653936
38633032626163303666636230613463666336353434356130383363616566323735333830313736
63613565646362393366623532313333363065323363386436313330656433643130663132653132
31626265663436623663623135623064623731366363633264646466656530633065656335376263
36323030616435366532333838646336636332646433376232386163303334616463366662633363
63326365393534663261386634623639643734343165643662313362306130613365643734633132
65343135643437666639633838366463323534383337316534666134356431653637386130353337
35333862313137333939313832306636333636393637323134653433343066346665356631663162
39356131623233623764656438316536383966663130333033663331363937393230383732303761
34656564636630393930653139306361366539363964663263663965623565626336346665626334
38643963393637356661386537656536636236663764326163363130333730346230363762663965
36666638313438373663643038636161656365613530373735366639643337393033303736366363
62613537363331643265303633363935303936323464616339313462333166336237313065626562
37613863636537306564346163653330633139663039393831343036623539343030623939643136
34326236376664386338363162646262656134626436353332376562393662336431353835646266
64306563663537326237356665623135363535363738316534636263346233363266373365353963
65663538643835366666333031316330396162303537306538363336636366626433306464356339
65383266323730383561666132643063376537336362366337336462623439653537303265343038
32376663616561306562666266363139323832613861316266343032333639643866663635323563
35646261303134636230363330656463633737396336376339616532666361656266303939613533
65646632633562626466626130393238373332653861613438396662303933363864346436663563
63356339366163326232613937333733626134633833613766326338386265656366366561663731
38373237396363353934356462653938646662626531336263376665306264383961363330346561
61313163366230326337363432646433666364653330333232353231663535333161616536373663
33306630336439383130383533303832353566633534623861333932643532356661333837363835
31333734356436383639323761383862613665366331396638343036326138643662373035656362
38393035386363356539326530616165626632353766666264313338333935646139636164326361
64633739616363323135353364393661333334363035333539313639643364313837366462343630
30366664633634363732636566343735356562376362326663613262376265306463666334303235
36393337393836666265323335333938656337396338386165633766613861366534626439303936
31346533303565396636373139636633383363383064356335646335616465653734373830386161
64316666363462306335643264626339633136383233616366636464393135643431663563343930
66396161633664363639636130353839383835393830666561623038346433386136653933353438
62613863303064656132313331333866636331633732326130616135383334653431333861343836
36356336623531313665
